3.623	3.145	1.684	1.327	1.005	0.217
3.146	3.543	1.826	1.333	1.008	0.216
3.623	3.844	1.808	1.33	1.012	0.214
0	3.367	1.734	1.331	1.003	0.214
3.322	3.242	1.692	1.316	0.993	0.219
3.623	3.844	1.592	1.305	0.992	0.213
0	3.543	1.614	1.305	0.995	0.212
3.623	3.844	1.594	1.308	0.991	0.212
0	3.543	1.607	1.297	0.989	0.214
3.623	3.543	1.573	1.288	0.989	0.212
3.623	3.543	1.596	1.313	0.977	0.211
3.623	0	1.596	1.292	0.992	0.211
3.623	0	1.559	1.291	0.976	0.208
3.623	3.844	1.559	1.296	0.982	0.212
3.322	3.367	1.565	1.297	0.976	0.212
3.623	3.543	1.47	1.225	0.942	0.202
0	0.864	0.75	0.637	0.487	0.102
3.322	3.367	3.902	1.476	1.13	0.237
3.146	3.844	0	1.532	1.174	0.251
0	3.844	3.902	1.412	1.085	0.231
3.021	3.367	2.258	1.326	1.014	0.217
3.322	3.844	1.605	1.308	0.99	0.209
3.623	3.543	1.557	1.284	0.97	0.208
0	3.543	1.532	1.274	0.961	0.206
3.623	3.844	1.536	1.27	0.966	0.206
3.146	3.543	1.516	1.261	0.963	0.206
3.021	3.543	1.525	1.258	0.959	0.204
3.146	3.543	1.507	1.269	0.95	0.205
3.146	3.367	1.497	1.265	0.952	0.203
3.322	3.844	1.49	1.262	0.949	0.204
3.322	3.367	1.488	1.232	0.948	0.202
0	3.543	1.482	1.25	0.939	0.201
0	3.367	1.49	1.233	0.933	0.203
3.623	3.543	1.474	1.237	0.938	0.2
3.623	0	1.469	1.237	0.93	0.2
3.322	3.543	1.475	1.236	0.93	0.199
3.322	3.367	1.475	1.234	0.929	0.203
3.623	3.543	1.47	1.23	0.933	0.197
3.146	3.367	1.45	1.234	0.924	0.196
3.623	3.844	1.451	1.215	0.919	0.195
3.322	3.543	1.469	1.212	0.921	0.195
3.322	3.543	1.43	1.212	0.912	0.197
3.146	0	1.43	1.218	0.906	0.196
3.322	3.367	1.433	1.206	0.911	0.195
3.623	3.543	1.445	1.212	0.913	0.194
3.322	3.145	1.433	1.193	0.905	0.192
3.322	3.844	1.423	1.193	0.914	0.194
3.146	3.543	1.429	1.207	0.899	0.193
3.322	3.543	1.413	1.179	0.897	0.194
3.146	0	1.41	1.187	0.905	0.193
0	3.543	1.42	1.183	0.893	0.192
3.322	3.543	1.409	1.195	0.9	0.195
3.322	3.242	1.399	1.18	0.883	0.19
3.623	3.844	1.413	1.166	0.884	0.192
3.322	0	1.403	1.164	0.88	0.189
3.322	2.145	1.243	1.043	0.787	0.17
3.322	0.881	0.775	0.655	0.499	0.104
3.146	3.844	1.413	1.201	0.902	0.192
3.322	3.844	1.466	1.223	0.923	0.197
3.322	0	1.426	1.181	0.891	0.193
3.623	3.543	1.405	1.174	0.879	0.191
3.322	3.367	1.387	1.169	0.878	0.186
3.322	3.367	1.378	1.151	0.869	0.19
3.623	3.543	1.361	1.137	0.868	0.186
3.021	3.543	1.366	1.148	0.866	0.185
3.322	3.844	1.363	1.146	0.856	0.183
3.623	3.844	1.365	1.149	0.86	0.183
3.623	3.543	1.36	1.143	0.858	0.186
3.322	3.543	1.369	1.139	0.858	0.187
3.146	3.543	1.368	1.132	0.852	0.183
3.146	3.844	1.338	1.133	0.849	0.184
3.322	3.844	1.343	1.133	0.846	0.183
3.146	3.543	1.343	1.124	0.841	0.18
3.322	3.367	1.335	1.118	0.846	0.18
3.146	3.844	1.32	1.12	0.843	0.182
3.623	3.543	1.354	1.118	0.846	0.18
3.322	3.367	1.343	1.126	0.85	0.183
3.146	3.543	1.336	1.127	0.844	0.182
3.623	3.543	1.333	1.131	0.834	0.18
3.322	3.543	1.331	1.115	0.834	0.179
3.146	3.367	1.314	1.1	0.834	0.176
3.322	3.844	1.311	1.112	0.83	0.179
3.322	3.844	1.313	1.1	0.835	0.177
3.146	3.543	1.314	1.093	0.828	0.177
3.322	3.844	1.288	1.101	0.825	0.177
3.322	3.367	1.303	1.09	0.812	0.177
3.623	3.242	1.302	1.096	0.817	0.174
3.146	3.145	1.288	1.093	0.816	0.174
3.322	3.367	1.303	1.084	0.813	0.174
3.021	2.999	1.289	1.084	0.808	0.176
3.146	3.367	1.274	1.082	0.811	0.174
3.322	3.367	1.288	1.083	0.81	0.173
3.322	3.242	1.278	1.083	0.805	0.175
3.322	3.367	1.283	1.076	0.804	0.173
3.322	3.242	1.285	1.081	0.803	0.175
3.021	3.367	1.273	1.079	0.796	0.174
3.322	3.242	1.279	1.077	0.803	0.172
3.322	3.066	1.259	1.07	0.793	0.171
3.146	3.066	1.256	1.06	0.792	0.173
3.146	2.844	1.256	1.056	0.795	0.17
3.146	2.941	1.267	1.068	0.788	0.167
3.146	2.844	1.256	1.055	0.787	0.171
2.845	2.999	1.25	1.05	0.785	0.169
3.322	2.765	1.259	1.052	0.784	0.17
3.623	2.613	1.246	1.05	0.784	0.17
3.623	2.367	1.241	1.045	0.786	0.168
3.146	2.412	1.245	1.058	0.784	0.167
3.146	2.191	1.245	1.049	0.776	0.168
2.845	2.231	1.224	1.038	0.78	0.169
3.146	2.288	1.231	1.036	0.773	0.166
3.322	2.181	1.232	1.042	0.774	0.164
3.322	1.993	1.247	1.045	0.773	0.165
3.623	1.925	1.225	1.038	0.77	0.165
3.623	1.925	1.229	1.027	0.768	0.167
3.322	1.799	1.219	1.026	0.763	0.163
3.623	1.689	1.208	1.025	0.762	0.163
3.322	1.765	1.217	1.027	0.761	0.166
3.146	1.695	1.22	1.021	0.759	0.164
3.623	1.72	1.207	1.024	0.756	0.162
3.322	0.834	0.73	0.62	0.457	0.098
3.146	3.543	1.29	1.091	0.826	0.173
3.322	3.367	1.436	1.17	0.895	0.188
3.322	0	1.307	1.089	0.821	0.173
3.146	2.3	1.232	1.023	0.781	0.165
3.623	1.621	1.219	1.016	0.756	0.165
3.146	1.501	1.202	0.999	0.754	0.163
3.322	1.424	1.192	0.994	0.739	0.158
3.623	1.096	0.959	0.804	0.604	0.129
3.623	1.134	0.965	0.813	0.624	0.128
3.322	3.367	1.499	1.233	0.943	0.196
3.146	3.844	1.349	1.119	0.849	0.179
3.146	2.482	1.251	1.041	0.788	0.164
3.322	1.478	1.19	0.994	0.752	0.16
3.322	1.381	1.165	0.981	0.742	0.159
3.021	1.362	1.168	0.975	0.731	0.155
3.146	1.365	1.159	0.972	0.73	0.155
3.146	1.337	1.145	0.969	0.72	0.156
3.146	1.324	1.138	0.966	0.724	0.156
3.322	1.314	1.137	0.957	0.71	0.152
3.146	1.296	1.132	0.951	0.711	0.15
3.322	1.312	1.129	0.954	0.708	0.152
3.322	1.311	1.142	0.951	0.713	0.151
3.322	1.305	1.127	0.95	0.709	0.153
3.623	1.305	1.127	0.943	0.706	0.148
3.322	1.292	1.111	0.948	0.703	0.149
3.322	1.299	1.126	0.936	0.692	0.148
3.146	1.289	1.109	0.931	0.697	0.148
3.322	1.276	1.113	0.936	0.696	0.148
3.322	1.272	1.104	0.937	0.697	0.149
3.322	1.266	1.106	0.932	0.689	0.147
3.322	1.276	1.105	0.925	0.687	0.145
3.322	1.279	1.105	0.926	0.688	0.149
3.623	1.265	1.103	0.914	0.68	0.147
3.623	1.248	1.092	0.921	0.684	0.147
3.146	1.247	1.083	0.91	0.677	0.143
0	1.254	1.085	0.908	0.676	0.143
3.146	1.253	1.079	0.908	0.675	0.145
3.322	1.247	1.07	0.906	0.667	0.144
3.623	1.232	1.083	0.903	0.669	0.143
3.623	1.223	1.069	0.897	0.662	0.143
3.322	1.229	1.075	0.899	0.664	0.143
3.146	1.227	1.056	0.893	0.665	0.143
3.322	1.212	1.062	0.897	0.662	0.143
3.623	1.222	1.047	0.891	0.659	0.142
3.146	1.209	1.058	0.889	0.653	0.14
3.322	1.221	1.047	0.887	0.659	0.14
3.146	1.214	1.049	0.89	0.659	0.141
3.322	1.204	1.057	0.886	0.651	0.138
3.146	1.192	1.047	0.873	0.656	0.138
2.924	1.192	1.049	0.88	0.65	0.138
3.322	1.208	1.058	0.892	0.659	0.141
3.322	1.215	1.047	0.887	0.663	0.14
3.322	1.218	1.044	0.884	0.657	0.141
3.146	1.216	1.05	0.879	0.658	0.141
3.322	1.211	1.052	0.888	0.65	0.141
3.322	1.208	1.057	0.875	0.65	0.14
3.322	1.212	1.036	0.875	0.65	0.139
3.146	1.2	1.036	0.871	0.649	0.137
2.924	1.177	1.036	0.87	0.644	0.137
3.322	1.172	1.024	0.871	0.638	0.138
3.146	1.176	1.027	0.861	0.637	0.138
3.146	1.177	1.024	0.859	0.638	0.136
3.021	1.167	1.026	0.858	0.632	0.134
0	1.155	1.016	0.859	0.631	0.134
3.623	1.153	1.024	0.854	0.63	0.134
3.322	1.176	1.012	0.854	0.624	0.133
3.146	1.15	1.007	0.851	0.626	0.133
3.146	1.156	1.005	0.857	0.62	0.134
3.623	1.16	1.012	0.85	0.625	0.132
3.623	1.147	1.005	0.845	0.622	0.134
3.623	1.153	1.004	0.849	0.622	0.135
3.146	1.147	0.998	0.844	0.621	0.134
3.322	1.143	1.006	0.848	0.624	0.135
3.146	1.156	0.999	0.842	0.623	0.133
3.322	1.148	0.989	0.838	0.614	0.134
3.146	1.132	0.991	0.84	0.614	0.131
3.021	1.148	0.989	0.839	0.611	0.131
3.623	1.142	1.002	0.839	0.616	0.132
3.623	1.141	0.995	0.835	0.616	0.132
3.021	1.135	0.996	0.835	0.612	0.131
3.623	1.14	0.983	0.837	0.61	0.13
0	1.129	0.978	0.833	0.609	0.13
3.623	1.116	0.983	0.833	0.608	0.129
0	1.13	0.979	0.827	0.606	0.129
3.146	1.111	0.979	0.826	0.605	0.131
3.146	1.129	0.982	0.833	0.609	0.132
3.146	1.118	0.982	0.832	0.607	0.127
2.924	1.13	0.994	0.834	0.613	0.129
3.322	1.132	0.988	0.825	0.602	0.132
3.623	1.123	0.961	0.819	0.605	0.129
0.891	0.552	0.481	0.403	0.292	0.059
3.322	1.139	0.998	0.843	0.621	0.13
3.146	1.202	1.033	0.867	0.641	0.135
3.623	1.129	0.995	0.839	0.615	0.131
3.623	1.11	0.982	0.821	0.599	0.127
0	1.099	0.968	0.819	0.597	0.129
3.021	1.093	0.961	0.811	0.591	0.127
3.146	1.097	0.95	0.812	0.586	0.127
3.322	1.107	0.951	0.806	0.594	0.125
3.623	1.102	0.952	0.802	0.587	0.126
3.146	1.1	0.958	0.811	0.588	0.126
3.322	1.09	0.951	0.805	0.59	0.125
3.021	1.09	0.96	0.808	0.588	0.125
3.146	1.107	0.959	0.805	0.589	0.123
3.322	1.093	0.952	0.803	0.586	0.123
3.322	1.08	0.943	0.806	0.585	0.123
3.623	1.074	0.952	0.792	0.581	0.122
0	1.076	0.943	0.799	0.575	0.122
3.146	1.073	0.937	0.798	0.578	0.123
3.146	1.076	0.939	0.797	0.573	0.121
3.322	1.067	0.937	0.79	0.58	0.122
0	1.067	0.929	0.788	0.576	0.123
3.623	1.063	0.928	0.794	0.571	0.124
0	1.061	0.929	0.787	0.571	0.122
3.623	1.064	0.916	0.782	0.566	0.121
3.322	1.065	0.926	0.777	0.565	0.12
0	1.048	0.917	0.775	0.561	0.122
3.322	1.036	0.906	0.773	0.558	0.119
3.322	1.053	0.912	0.77	0.557	0.119
3.322	1.041	0.909	0.778	0.559	0.12
3.623	1.027	0.903	0.768	0.551	0.117
3.623	1.03	0.91	0.762	0.55	0.119
3.146	1.034	0.903	0.765	0.555	0.119
3.623	1.034	0.896	0.759	0.55	0.115
3.146	1.027	0.904	0.762	0.556	0.116
3.623	1.018	0.901	0.764	0.552	0.116
0	1.02	0.902	0.759	0.553	0.118
3.021	1.024	0.899	0.763	0.551	0.12
3.146	1.031	0.896	0.763	0.552	0.115
3.322	1.018	0.896	0.762	0.549	0.119
3.623	1.04	0.904	0.76	0.545	0.117
3.623	1.02	0.902	0.771	0.554	0.119
0	1.026	0.896	0.762	0.548	0.117
0	1.016	0.894	0.757	0.548	0.115
3.623	1.018	0.883	0.753	0.543	0.118
3.146	0.998	0.89	0.752	0.54	0.115
3.146	1.006	0.881	0.754	0.539	0.115
3.322	0.997	0.886	0.748	0.534	0.116
3.146	1.012	0.88	0.746	0.537	0.114
3.322	0.914	0.809	0.684	0.49	0.105
3.146	0.858	0.751	0.633	0.46	0.094
3.146	1.264	1.104	0.923	0.676	0.142
3.146	1.141	0.998	0.837	0.618	0.129
3.146	1.048	0.92	0.778	0.568	0.119
3.146	1.011	0.902	0.755	0.544	0.115
0	1.013	0.894	0.742	0.541	0.114
3.146	0.999	0.88	0.746	0.539	0.112
3.322	0.99	0.885	0.743	0.532	0.116
3.623	1.003	0.877	0.743	0.537	0.113
3.146	0.996	0.881	0.747	0.532	0.113
3.146	0.994	0.879	0.744	0.534	0.114
0	0.994	0.873	0.736	0.531	0.113
3.322	0.984	0.874	0.737	0.531	0.109
3.146	0.99	0.867	0.731	0.529	0.111
3.146	0.991	0.871	0.729	0.529	0.113
3.623	0.991	0.865	0.733	0.524	0.113
3.146	0.975	0.866	0.731	0.527	0.109
3.623	0.983	0.859	0.72	0.522	0.112
2.924	0.975	0.864	0.724	0.525	0.112
3.322	0.971	0.851	0.728	0.521	0.112
0	0.98	0.851	0.718	0.52	0.111
3.623	0.971	0.852	0.719	0.518	0.109
3.146	0.975	0.853	0.715	0.519	0.108
3.623	0.968	0.846	0.715	0.516	0.111
3.322	0.957	0.848	0.714	0.513	0.111
0	0.96	0.847	0.712	0.519	0.11
3.322	0.956	0.841	0.713	0.511	0.108
3.623	0.968	0.846	0.714	0.512	0.111
0	0.968	0.844	0.708	0.514	0.108
3.322	0.948	0.845	0.714	0.512	0.108
3.322	0.957	0.842	0.709	0.51	0.108
0	0.952	0.838	0.71	0.51	0.109
0	0.961	0.846	0.706	0.509	0.108
3.322	0.946	0.837	0.707	0.511	0.106
3.322	0.95	0.836	0.707	0.506	0.11
0	0.946	0.839	0.704	0.507	0.109
3.146	0.946	0.834	0.706	0.506	0.108
0	0.951	0.828	0.709	0.504	0.107
3.146	0.94	0.831	0.699	0.508	0.107
3.322	0.933	0.822	0.701	0.503	0.106
3.322	0.941	0.833	0.697	0.502	0.107
3.623	0.938	0.83	0.696	0.502	0.108
3.322	0.94	0.821	0.697	0.5	0.108
3.021	0.931	0.832	0.698	0.501	0.106
0	0.932	0.825	0.695	0.502	0.105
3.623	0.934	0.812	0.697	0.496	0.106
3.623	0.933	0.817	0.694	0.496	0.107
3.322	0.929	0.816	0.691	0.497	0.104
0	0.931	0.82	0.69	0.493	0.107
3.146	0.923	0.816	0.685	0.491	0.103
3.322	0.933	0.813	0.686	0.491	0.103
3.623	0.925	0.816	0.688	0.491	0.106
3.322	0.922	0.804	0.684	0.492	0.102
3.146	0.92	0.811	0.684	0.489	0.105
3.146	0.921	0.806	0.679	0.49	0.102
3.146	0.916	0.808	0.679	0.486	0.1
0	0.91	0.809	0.675	0.487	0.102
3.322	0.913	0.801	0.678	0.486	0.103
3.146	0.917	0.804	0.682	0.485	0.1
3.146	0.899	0.806	0.685	0.483	0.102
3.322	0.921	0.799	0.673	0.484	0.099
0	0.905	0.797	0.681	0.488	0.101
3.623	0.902	0.79	0.673	0.479	0.103
3.623	0.903	0.797	0.671	0.484	0.101
0	0.908	0.796	0.671	0.474	0.101
0	0.898	0.791	0.667	0.474	0.102
0	0.9	0.789	0.668	0.477	0.101
3.146	0.889	0.789	0.669	0.474	0.101
0	0.896	0.796	0.664	0.474	0.099
3.623	0.896	0.788	0.666	0.479	0.102
3.146	0.891	0.783	0.664	0.478	0.1
3.623	0.883	0.786	0.669	0.472	0.101
3.146	0.887	0.785	0.663	0.474	0.101
3.021	0.893	0.794	0.668	0.477	0.101
3.623	0.895	0.791	0.666	0.479	0.1
0	0.891	0.784	0.654	0.474	0.098
3.322	0.892	0.784	0.662	0.472	0.099
3.623	0.888	0.779	0.663	0.476	0.099
0	0.885	0.793	0.664	0.475	0.102
3.623	0.882	0.785	0.666	0.467	0.1
3.146	0.892	0.777	0.662	0.472	0.101
3.146	0.887	0.776	0.665	0.469	0.103
3.623	0.879	0.781	0.658	0.467	0.099
0	0.871	0.776	0.656	0.463	0.1
3.322	0.871	0.773	0.652	0.461	0.097
0	0.873	0.773	0.646	0.458	0.097
3.146	0.866	0.754	0.644	0.459	0.097
3.322	0.86	0.76	0.646	0.459	0.097
0	0.869	0.76	0.642	0.453	0.096
3.322	0.856	0.759	0.644	0.455	0.096
3.146	0.855	0.758	0.641	0.455	0.095
3.623	0.851	0.76	0.65	0.452	0.096
3.146	0.86	0.763	0.641	0.452	0.097
3.322	0.861	0.757	0.641	0.453	0.095
3.021	0.854	0.753	0.64	0.455	0.094
3.146	0.865	0.761	0.644	0.457	0.097
0.886	0.539	0.477	0.402	0.283	0.057
2.51	0.754	0.666	0.564	0.403	0.082
3.322	0.903	0.793	0.683	0.488	0.102
3.623	0.868	0.77	0.654	0.467	0.096
3.322	0.858	0.766	0.642	0.455	0.095
3.322	0.846	0.759	0.643	0.452	0.095
3.322	0.841	0.749	0.635	0.448	0.095
0	0.848	0.752	0.63	0.452	0.092
3.322	0.85	0.751	0.632	0.448	0.093
0	0.839	0.748	0.628	0.443	0.091
0	0.843	0.742	0.626	0.447	0.092
3.322	0.839	0.741	0.625	0.445	0.093
3.146	0.84	0.745	0.63	0.443	0.093
3.623	0.835	0.742	0.63	0.442	0.094
0	0.84	0.742	0.621	0.444	0.094
3.021	0.837	0.737	0.629	0.443	0.093
3.322	0.823	0.742	0.625	0.441	0.094
3.146	0.835	0.73	0.624	0.438	0.092
3.623	0.828	0.738	0.62	0.433	0.09
0	0.823	0.727	0.619	0.435	0.091
3.021	0.824	0.724	0.616	0.436	0.092
3.146	0.822	0.729	0.618	0.437	0.091
3.322	0.822	0.73	0.616	0.434	0.09
3.623	0.822	0.72	0.613	0.432	0.09
3.322	0.822	0.729	0.612	0.434	0.09
0	0.819	0.719	0.61	0.434	0.09
0	0.824	0.726	0.614	0.432	0.091
3.322	0.819	0.727	0.617	0.434	0.09
0	0.82	0.723	0.611	0.431	0.092
3.146	0.815	0.718	0.615	0.428	0.093
0	0.81	0.719	0.606	0.433	0.092
3.322	0.816	0.718	0.607	0.429	0.089
3.322	0.812	0.718	0.609	0.429	0.093
0	0.812	0.72	0.612	0.427	0.091
0	0.81	0.719	0.607	0.429	0.089
3.146	0.821	0.725	0.621	0.434	0.091
3.623	0.827	0.729	0.613	0.436	0.089
3.322	0.827	0.731	0.615	0.434	0.093
1.234	0.708	0.625	0.527	0.376	0.077
1.142	0.689	0.606	0.508	0.364	0.076
3.322	1.015	0.886	0.735	0.534	0.11
3.322	0.921	0.822	0.687	0.496	0.103
3.623	0.843	0.759	0.637	0.452	0.095
3.623	0.823	0.726	0.611	0.433	0.093
3.146	0.811	0.72	0.612	0.433	0.092
3.623	0.817	0.712	0.599	0.427	0.091
3.623	0.814	0.722	0.605	0.427	0.089
3.322	0.803	0.714	0.603	0.423	0.091
3.623	0.794	0.711	0.596	0.422	0.089
3.623	0.802	0.712	0.601	0.427	0.091
0	0.804	0.708	0.602	0.426	0.087
3.623	0.797	0.711	0.595	0.422	0.088
3.623	0.794	0.712	0.595	0.421	0.087
3.146	0.798	0.703	0.593	0.423	0.09